               xmn        radius(cm)               kmn              vbkv             alpha               nrc               rc0               rl0        fcref(GHz)             bz(G)             kmnrc             kmnrl             bjs-m              bjps                xx                yy        Hsm(xx,yy)
   3.054300000D+00   3.040000000D-01   1.004703947D+01   8.500000000D+01   1.200000000D+00   3.055600000D-01   9.289024000D-02   3.935366985D-02   4.793789316D+01   1.997389392D+04   9.332719080D-01   3.953878744D-01  -4.176418590D-01   4.710046065D-01   0.000000000D+00   0.000000000D+00   0.000000000D+00
   3.054300000D+00   3.040000000D-01   1.004703947D+01   8.500000000D+01   1.200000000D+00   3.055600000D-01   9.289024000D-02   3.935366985D-02   4.793789316D+01   1.997389392D+04   9.332719080D-01   3.953878744D-01  -4.176418590D-01   4.710046065D-01   0.000000000D+00   1.000000000D+00   0.000000000D+00
   3.054300000D+00   3.040000000D-01   1.004703947D+01   8.500000000D+01   1.200000000D+00   3.055600000D-01   9.289024000D-02   3.935366985D-02   4.793789316D+01   1.997389392D+04   9.332719080D-01   3.953878744D-01  -4.176418590D-01   4.710046065D-01   0.000000000D+00   2.000000000D+00   0.000000000D+00
   3.054300000D+00   3.040000000D-01   1.004703947D+01   8.500000000D+01   1.200000000D+00   3.055600000D-01   9.289024000D-02   3.935366985D-02   4.793789316D+01   1.997389392D+04   9.332719080D-01   3.953878744D-01  -4.176418590D-01   4.710046065D-01   0.000000000D+00   3.000000000D+00   0.000000000D+00
   3.054300000D+00   3.040000000D-01   1.004703947D+01   8.500000000D+01   1.200000000D+00   3.055600000D-01   9.289024000D-02   3.935366985D-02   4.793789316D+01   1.997389392D+04   9.332719080D-01   3.953878744D-01  -4.176418590D-01   4.710046065D-01   0.000000000D+00   4.000000000D+00   0.000000000D+00
   3.054300000D+00   3.040000000D-01   1.004703947D+01   8.500000000D+01   1.200000000D+00   3.055600000D-01   9.289024000D-02   3.935366985D-02   4.793789316D+01   1.997389392D+04   9.332719080D-01   3.953878744D-01  -4.176418590D-01   4.710046065D-01   0.000000000D+00   5.000000000D+00   0.000000000D+00
   3.054300000D+00   3.040000000D-01   1.004703947D+01   8.500000000D+01   1.200000000D+00   3.055600000D-01   9.289024000D-02   3.935366985D-02   4.793789316D+01   1.997389392D+04   9.332719080D-01   3.953878744D-01  -4.176418590D-01   4.710046065D-01   0.000000000D+00   6.000000000D+00   0.000000000D+00
   3.054300000D+00   3.040000000D-01   1.004703947D+01   8.500000000D+01   1.200000000D+00   3.055600000D-01   9.289024000D-02   3.935366985D-02   4.793789316D+01   1.997389392D+04   9.332719080D-01   3.953878744D-01  -4.176418590D-01   4.710046065D-01   0.000000000D+00   7.000000000D+00   0.000000000D+00
   3.054300000D+00   3.040000000D-01   1.004703947D+01   8.500000000D+01   1.200000000D+00   3.055600000D-01   9.289024000D-02   3.935366985D-02   4.793789316D+01   1.997389392D+04   9.332719080D-01   3.953878744D-01  -4.176418590D-01   4.710046065D-01   0.000000000D+00   8.000000000D+00   0.000000000D+00
   3.054300000D+00   3.040000000D-01   1.004703947D+01   8.500000000D+01   1.200000000D+00   3.055600000D-01   9.289024000D-02   3.935366985D-02   4.793789316D+01   1.997389392D+04   9.332719080D-01   3.953878744D-01  -4.176418590D-01   4.710046065D-01   0.000000000D+00   9.000000000D+00   0.000000000D+00
   3.054300000D+00   3.040000000D-01   1.004703947D+01   8.500000000D+01   1.200000000D+00   3.055600000D-01   9.289024000D-02   3.935366985D-02   4.793789316D+01   1.997389392D+04   9.332719080D-01   3.953878744D-01  -4.176418590D-01   4.710046065D-01   0.000000000D+00   1.000000000D+01   0.000000000D+00
   3.054300000D+00   3.040000000D-01   1.004703947D+01   8.500000000D+01   1.200000000D+00   3.055600000D-01   9.289024000D-02   3.935366985D-02   4.793789316D+01   1.997389392D+04   9.332719080D-01   3.953878744D-01  -4.176418590D-01   4.710046065D-01   1.000000000D+00   0.000000000D+00   4.841112955D-02
   3.054300000D+00   3.040000000D-01   1.004703947D+01   8.500000000D+01   1.200000000D+00   3.055600000D-01   9.289024000D-02   3.935366985D-02   4.793789316D+01   1.997389392D+04   9.332719080D-01   3.953878744D-01  -4.176418590D-01   4.710046065D-01   1.000000000D+00   1.000000000D+00   2.047222187D-02
   3.054300000D+00   3.040000000D-01   1.004703947D+01   8.500000000D+01   1.200000000D+00   3.055600000D-01   9.289024000D-02   3.935366985D-02   4.793789316D+01   1.997389392D+04   9.332719080D-01   3.953878744D-01  -4.176418590D-01   4.710046065D-01   1.000000000D+00   2.000000000D+00   8.049009510D-04
   3.054300000D+00   3.040000000D-01   1.004703947D+01   8.500000000D+01   1.200000000D+00   3.055600000D-01   9.289024000D-02   3.935366985D-02   4.793789316D+01   1.997389392D+04   9.332719080D-01   3.953878744D-01  -4.176418590D-01   4.710046065D-01   1.000000000D+00   3.000000000D+00   2.695191385D-02
   3.054300000D+00   3.040000000D-01   1.004703947D+01   8.500000000D+01   1.200000000D+00   3.055600000D-01   9.289024000D-02   3.935366985D-02   4.793789316D+01   1.997389392D+04   9.332719080D-01   3.953878744D-01  -4.176418590D-01   4.710046065D-01   1.000000000D+00   4.000000000D+00   2.805638604D-02
   3.054300000D+00   3.040000000D-01   1.004703947D+01   8.500000000D+01   1.200000000D+00   3.055600000D-01   9.289024000D-02   3.935366985D-02   4.793789316D+01   1.997389392D+04   9.332719080D-01   3.953878744D-01  -4.176418590D-01   4.710046065D-01   1.000000000D+00   5.000000000D+00   2.432589170D-03
   3.054300000D+00   3.040000000D-01   1.004703947D+01   8.500000000D+01   1.200000000D+00   3.055600000D-01   9.289024000D-02   3.935366985D-02   4.793789316D+01   1.997389392D+04   9.332719080D-01   3.953878744D-01  -4.176418590D-01   4.710046065D-01   1.000000000D+00   6.000000000D+00   7.496791863D-03
   3.054300000D+00   3.040000000D-01   1.004703947D+01   8.500000000D+01   1.200000000D+00   3.055600000D-01   9.289024000D-02   3.935366985D-02   4.793789316D+01   1.997389392D+04   9.332719080D-01   3.953878744D-01  -4.176418590D-01   4.710046065D-01   1.000000000D+00   7.000000000D+00   1.751505125D-02
   3.054300000D+00   3.040000000D-01   1.004703947D+01   8.500000000D+01   1.200000000D+00   3.055600000D-01   9.289024000D-02   3.935366985D-02   4.793789316D+01   1.997389392D+04   9.332719080D-01   3.953878744D-01  -4.176418590D-01   4.710046065D-01   1.000000000D+00   8.000000000D+00   3.922335971D-03
   3.054300000D+00   3.040000000D-01   1.004703947D+01   8.500000000D+01   1.200000000D+00   3.055600000D-01   9.289024000D-02   3.935366985D-02   4.793789316D+01   1.997389392D+04   9.332719080D-01   3.953878744D-01  -4.176418590D-01   4.710046065D-01   1.000000000D+00   9.000000000D+00   2.677623475D-03
   3.054300000D+00   3.040000000D-01   1.004703947D+01   8.500000000D+01   1.200000000D+00   3.055600000D-01   9.289024000D-02   3.935366985D-02   4.793789316D+01   1.997389392D+04   9.332719080D-01   3.953878744D-01  -4.176418590D-01   4.710046065D-01   1.000000000D+00   1.000000000D+01   1.213020239D-02
   3.054300000D+00   3.040000000D-01   1.004703947D+01   8.500000000D+01   1.200000000D+00   3.055600000D-01   9.289024000D-02   3.935366985D-02   4.793789316D+01   1.997389392D+04   9.332719080D-01   3.953878744D-01  -4.176418590D-01   4.710046065D-01   2.000000000D+00   0.000000000D+00   8.315287662D-02
   3.054300000D+00   3.040000000D-01   1.004703947D+01   8.500000000D+01   1.200000000D+00   3.055600000D-01   9.289024000D-02   3.935366985D-02   4.793789316D+01   1.997389392D+04   9.332719080D-01   3.953878744D-01  -4.176418590D-01   4.710046065D-01   2.000000000D+00   1.000000000D+00   3.516390043D-02
   3.054300000D+00   3.040000000D-01   1.004703947D+01   8.500000000D+01   1.200000000D+00   3.055600000D-01   9.289024000D-02   3.935366985D-02   4.793789316D+01   1.997389392D+04   9.332719080D-01   3.953878744D-01  -4.176418590D-01   4.710046065D-01   2.000000000D+00   2.000000000D+00   1.382529804D-03
   3.054300000D+00   3.040000000D-01   1.004703947D+01   8.500000000D+01   1.200000000D+00   3.055600000D-01   9.289024000D-02   3.935366985D-02   4.793789316D+01   1.997389392D+04   9.332719080D-01   3.953878744D-01  -4.176418590D-01   4.710046065D-01   2.000000000D+00   3.000000000D+00   4.629367643D-02
   3.054300000D+00   3.040000000D-01   1.004703947D+01   8.500000000D+01   1.200000000D+00   3.055600000D-01   9.289024000D-02   3.935366985D-02   4.793789316D+01   1.997389392D+04   9.332719080D-01   3.953878744D-01  -4.176418590D-01   4.710046065D-01   2.000000000D+00   4.000000000D+00   4.819076167D-02
   3.054300000D+00   3.040000000D-01   1.004703947D+01   8.500000000D+01   1.200000000D+00   3.055600000D-01   9.289024000D-02   3.935366985D-02   4.793789316D+01   1.997389392D+04   9.332719080D-01   3.953878744D-01  -4.176418590D-01   4.710046065D-01   2.000000000D+00   5.000000000D+00   4.178311660D-03
   3.054300000D+00   3.040000000D-01   1.004703947D+01   8.500000000D+01   1.200000000D+00   3.055600000D-01   9.289024000D-02   3.935366985D-02   4.793789316D+01   1.997389392D+04   9.332719080D-01   3.953878744D-01  -4.176418590D-01   4.710046065D-01   2.000000000D+00   6.000000000D+00   1.287678711D-02
   3.054300000D+00   3.040000000D-01   1.004703947D+01   8.500000000D+01   1.200000000D+00   3.055600000D-01   9.289024000D-02   3.935366985D-02   4.793789316D+01   1.997389392D+04   9.332719080D-01   3.953878744D-01  -4.176418590D-01   4.710046065D-01   2.000000000D+00   7.000000000D+00   3.008454686D-02
   3.054300000D+00   3.040000000D-01   1.004703947D+01   8.500000000D+01   1.200000000D+00   3.055600000D-01   9.289024000D-02   3.935366985D-02   4.793789316D+01   1.997389392D+04   9.332719080D-01   3.953878744D-01  -4.176418590D-01   4.710046065D-01   2.000000000D+00   8.000000000D+00   6.737159865D-03
   3.054300000D+00   3.040000000D-01   1.004703947D+01   8.500000000D+01   1.200000000D+00   3.055600000D-01   9.289024000D-02   3.935366985D-02   4.793789316D+01   1.997389392D+04   9.332719080D-01   3.953878744D-01  -4.176418590D-01   4.710046065D-01   2.000000000D+00   9.000000000D+00   4.599192303D-03
   3.054300000D+00   3.040000000D-01   1.004703947D+01   8.500000000D+01   1.200000000D+00   3.055600000D-01   9.289024000D-02   3.935366985D-02   4.793789316D+01   1.997389392D+04   9.332719080D-01   3.953878744D-01  -4.176418590D-01   4.710046065D-01   2.000000000D+00   1.000000000D+01   2.083531683D-02
   3.054300000D+00   3.040000000D-01   1.004703947D+01   8.500000000D+01   1.200000000D+00   3.055600000D-01   9.289024000D-02   3.935366985D-02   4.793789316D+01   1.997389392D+04   9.332719080D-01   3.953878744D-01  -4.176418590D-01   4.710046065D-01   3.000000000D+00   0.000000000D+00   2.874024467D-02
   3.054300000D+00   3.040000000D-01   1.004703947D+01   8.500000000D+01   1.200000000D+00   3.055600000D-01   9.289024000D-02   3.935366985D-02   4.793789316D+01   1.997389392D+04   9.332719080D-01   3.953878744D-01  -4.176418590D-01   4.710046065D-01   3.000000000D+00   1.000000000D+00   1.215374793D-02
   3.054300000D+00   3.040000000D-01   1.004703947D+01   8.500000000D+01   1.200000000D+00   3.055600000D-01   9.289024000D-02   3.935366985D-02   4.793789316D+01   1.997389392D+04   9.332719080D-01   3.953878744D-01  -4.176418590D-01   4.710046065D-01   3.000000000D+00   2.000000000D+00   4.778457037D-04
   3.054300000D+00   3.040000000D-01   1.004703947D+01   8.500000000D+01   1.200000000D+00   3.055600000D-01   9.289024000D-02   3.935366985D-02   4.793789316D+01   1.997389392D+04   9.332719080D-01   3.953878744D-01  -4.176418590D-01   4.710046065D-01   3.000000000D+00   3.000000000D+00   1.600054792D-02
   3.054300000D+00   3.040000000D-01   1.004703947D+01   8.500000000D+01   1.200000000D+00   3.055600000D-01   9.289024000D-02   3.935366985D-02   4.793789316D+01   1.997389392D+04   9.332719080D-01   3.953878744D-01  -4.176418590D-01   4.710046065D-01   3.000000000D+00   4.000000000D+00   1.665624014D-02
   3.054300000D+00   3.040000000D-01   1.004703947D+01   8.500000000D+01   1.200000000D+00   3.055600000D-01   9.289024000D-02   3.935366985D-02   4.793789316D+01   1.997389392D+04   9.332719080D-01   3.953878744D-01  -4.176418590D-01   4.710046065D-01   3.000000000D+00   5.000000000D+00   1.444155684D-03
   3.054300000D+00   3.040000000D-01   1.004703947D+01   8.500000000D+01   1.200000000D+00   3.055600000D-01   9.289024000D-02   3.935366985D-02   4.793789316D+01   1.997389392D+04   9.332719080D-01   3.953878744D-01  -4.176418590D-01   4.710046065D-01   3.000000000D+00   6.000000000D+00   4.450621879D-03
   3.054300000D+00   3.040000000D-01   1.004703947D+01   8.500000000D+01   1.200000000D+00   3.055600000D-01   9.289024000D-02   3.935366985D-02   4.793789316D+01   1.997389392D+04   9.332719080D-01   3.953878744D-01  -4.176418590D-01   4.710046065D-01   3.000000000D+00   7.000000000D+00   1.039816387D-02
   3.054300000D+00   3.040000000D-01   1.004703947D+01   8.500000000D+01   1.200000000D+00   3.055600000D-01   9.289024000D-02   3.935366985D-02   4.793789316D+01   1.997389392D+04   9.332719080D-01   3.953878744D-01  -4.176418590D-01   4.710046065D-01   3.000000000D+00   8.000000000D+00   2.328573957D-03
   3.054300000D+00   3.040000000D-01   1.004703947D+01   8.500000000D+01   1.200000000D+00   3.055600000D-01   9.289024000D-02   3.935366985D-02   4.793789316D+01   1.997389392D+04   9.332719080D-01   3.953878744D-01  -4.176418590D-01   4.710046065D-01   3.000000000D+00   9.000000000D+00   1.589625248D-03
   3.054300000D+00   3.040000000D-01   1.004703947D+01   8.500000000D+01   1.200000000D+00   3.055600000D-01   9.289024000D-02   3.935366985D-02   4.793789316D+01   1.997389392D+04   9.332719080D-01   3.953878744D-01  -4.176418590D-01   4.710046065D-01   3.000000000D+00   1.000000000D+01   7.201339604D-03
   3.054300000D+00   3.040000000D-01   1.004703947D+01   8.500000000D+01   1.200000000D+00   3.055600000D-01   9.289024000D-02   3.935366985D-02   4.793789316D+01   1.997389392D+04   9.332719080D-01   3.953878744D-01  -4.176418590D-01   4.710046065D-01   4.000000000D+00   0.000000000D+00   1.090430305D-03
   3.054300000D+00   3.040000000D-01   1.004703947D+01   8.500000000D+01   1.200000000D+00   3.055600000D-01   9.289024000D-02   3.935366985D-02   4.793789316D+01   1.997389392D+04   9.332719080D-01   3.953878744D-01  -4.176418590D-01   4.710046065D-01   4.000000000D+00   1.000000000D+00   4.611239470D-04
   3.054300000D+00   3.040000000D-01   1.004703947D+01   8.500000000D+01   1.200000000D+00   3.055600000D-01   9.289024000D-02   3.935366985D-02   4.793789316D+01   1.997389392D+04   9.332719080D-01   3.953878744D-01  -4.176418590D-01   4.710046065D-01   4.000000000D+00   2.000000000D+00   1.812988868D-05
   3.054300000D+00   3.040000000D-01   1.004703947D+01   8.500000000D+01   1.200000000D+00   3.055600000D-01   9.289024000D-02   3.935366985D-02   4.793789316D+01   1.997389392D+04   9.332719080D-01   3.953878744D-01  -4.176418590D-01   4.710046065D-01   4.000000000D+00   3.000000000D+00   6.070749415D-04
   3.054300000D+00   3.040000000D-01   1.004703947D+01   8.500000000D+01   1.200000000D+00   3.055600000D-01   9.289024000D-02   3.935366985D-02   4.793789316D+01   1.997389392D+04   9.332719080D-01   3.953878744D-01  -4.176418590D-01   4.710046065D-01   4.000000000D+00   4.000000000D+00   6.319524843D-04
   3.054300000D+00   3.040000000D-01   1.004703947D+01   8.500000000D+01   1.200000000D+00   3.055600000D-01   9.289024000D-02   3.935366985D-02   4.793789316D+01   1.997389392D+04   9.332719080D-01   3.953878744D-01  -4.176418590D-01   4.710046065D-01   4.000000000D+00   5.000000000D+00   5.479254408D-05
   3.054300000D+00   3.040000000D-01   1.004703947D+01   8.500000000D+01   1.200000000D+00   3.055600000D-01   9.289024000D-02   3.935366985D-02   4.793789316D+01   1.997389392D+04   9.332719080D-01   3.953878744D-01  -4.176418590D-01   4.710046065D-01   4.000000000D+00   6.000000000D+00   1.688605309D-04
   3.054300000D+00   3.040000000D-01   1.004703947D+01   8.500000000D+01   1.200000000D+00   3.055600000D-01   9.289024000D-02   3.935366985D-02   4.793789316D+01   1.997389392D+04   9.332719080D-01   3.953878744D-01  -4.176418590D-01   4.710046065D-01   4.000000000D+00   7.000000000D+00   3.945155350D-04
   3.054300000D+00   3.040000000D-01   1.004703947D+01   8.500000000D+01   1.200000000D+00   3.055600000D-01   9.289024000D-02   3.935366985D-02   4.793789316D+01   1.997389392D+04   9.332719080D-01   3.953878744D-01  -4.176418590D-01   4.710046065D-01   4.000000000D+00   8.000000000D+00   8.834815565D-05
   3.054300000D+00   3.040000000D-01   1.004703947D+01   8.500000000D+01   1.200000000D+00   3.055600000D-01   9.289024000D-02   3.935366985D-02   4.793789316D+01   1.997389392D+04   9.332719080D-01   3.953878744D-01  -4.176418590D-01   4.710046065D-01   4.000000000D+00   9.000000000D+00   6.031178800D-05
   3.054300000D+00   3.040000000D-01   1.004703947D+01   8.500000000D+01   1.200000000D+00   3.055600000D-01   9.289024000D-02   3.935366985D-02   4.793789316D+01   1.997389392D+04   9.332719080D-01   3.953878744D-01  -4.176418590D-01   4.710046065D-01   4.000000000D+00   1.000000000D+01   2.732251945D-04
   3.054300000D+00   3.040000000D-01   1.004703947D+01   8.500000000D+01   1.200000000D+00   3.055600000D-01   9.289024000D-02   3.935366985D-02   4.793789316D+01   1.997389392D+04   9.332719080D-01   3.953878744D-01  -4.176418590D-01   4.710046065D-01   5.000000000D+00   0.000000000D+00   2.682702302D-02
   3.054300000D+00   3.040000000D-01   1.004703947D+01   8.500000000D+01   1.200000000D+00   3.055600000D-01   9.289024000D-02   3.935366985D-02   4.793789316D+01   1.997389392D+04   9.332719080D-01   3.953878744D-01  -4.176418590D-01   4.710046065D-01   5.000000000D+00   1.000000000D+00   1.134467988D-02
   3.054300000D+00   3.040000000D-01   1.004703947D+01   8.500000000D+01   1.200000000D+00   3.055600000D-01   9.289024000D-02   3.935366985D-02   4.793789316D+01   1.997389392D+04   9.332719080D-01   3.953878744D-01  -4.176418590D-01   4.710046065D-01   5.000000000D+00   2.000000000D+00   4.460357885D-04
   3.054300000D+00   3.040000000D-01   1.004703947D+01   8.500000000D+01   1.200000000D+00   3.055600000D-01   9.289024000D-02   3.935366985D-02   4.793789316D+01   1.997389392D+04   9.332719080D-01   3.953878744D-01  -4.176418590D-01   4.710046065D-01   5.000000000D+00   3.000000000D+00   1.493540060D-02
   3.054300000D+00   3.040000000D-01   1.004703947D+01   8.500000000D+01   1.200000000D+00   3.055600000D-01   9.289024000D-02   3.935366985D-02   4.793789316D+01   1.997389392D+04   9.332719080D-01   3.953878744D-01  -4.176418590D-01   4.710046065D-01   5.000000000D+00   4.000000000D+00   1.554744376D-02
   3.054300000D+00   3.040000000D-01   1.004703947D+01   8.500000000D+01   1.200000000D+00   3.055600000D-01   9.289024000D-02   3.935366985D-02   4.793789316D+01   1.997389392D+04   9.332719080D-01   3.953878744D-01  -4.176418590D-01   4.710046065D-01   5.000000000D+00   5.000000000D+00   1.348019066D-03
   3.054300000D+00   3.040000000D-01   1.004703947D+01   8.500000000D+01   1.200000000D+00   3.055600000D-01   9.289024000D-02   3.935366985D-02   4.793789316D+01   1.997389392D+04   9.332719080D-01   3.953878744D-01  -4.176418590D-01   4.710046065D-01   5.000000000D+00   6.000000000D+00   4.154346527D-03
   3.054300000D+00   3.040000000D-01   1.004703947D+01   8.500000000D+01   1.200000000D+00   3.055600000D-01   9.289024000D-02   3.935366985D-02   4.793789316D+01   1.997389392D+04   9.332719080D-01   3.953878744D-01  -4.176418590D-01   4.710046065D-01   5.000000000D+00   7.000000000D+00   9.705964052D-03
   3.054300000D+00   3.040000000D-01   1.004703947D+01   8.500000000D+01   1.200000000D+00   3.055600000D-01   9.289024000D-02   3.935366985D-02   4.793789316D+01   1.997389392D+04   9.332719080D-01   3.953878744D-01  -4.176418590D-01   4.710046065D-01   5.000000000D+00   8.000000000D+00   2.173562120D-03
   3.054300000D+00   3.040000000D-01   1.004703947D+01   8.500000000D+01   1.200000000D+00   3.055600000D-01   9.289024000D-02   3.935366985D-02   4.793789316D+01   1.997389392D+04   9.332719080D-01   3.953878744D-01  -4.176418590D-01   4.710046065D-01   5.000000000D+00   9.000000000D+00   1.483804804D-03
   3.054300000D+00   3.040000000D-01   1.004703947D+01   8.500000000D+01   1.200000000D+00   3.055600000D-01   9.289024000D-02   3.935366985D-02   4.793789316D+01   1.997389392D+04   9.332719080D-01   3.953878744D-01  -4.176418590D-01   4.710046065D-01   5.000000000D+00   1.000000000D+01   6.721950545D-03
   3.054300000D+00   3.040000000D-01   1.004703947D+01   8.500000000D+01   1.200000000D+00   3.055600000D-01   9.289024000D-02   3.935366985D-02   4.793789316D+01   1.997389392D+04   9.332719080D-01   3.953878744D-01  -4.176418590D-01   4.710046065D-01   6.000000000D+00   0.000000000D+00   1.913848941D-02
   3.054300000D+00   3.040000000D-01   1.004703947D+01   8.500000000D+01   1.200000000D+00   3.055600000D-01   9.289024000D-02   3.935366985D-02   4.793789316D+01   1.997389392D+04   9.332719080D-01   3.953878744D-01  -4.176418590D-01   4.710046065D-01   6.000000000D+00   1.000000000D+00   8.093333188D-03
   3.054300000D+00   3.040000000D-01   1.004703947D+01   8.500000000D+01   1.200000000D+00   3.055600000D-01   9.289024000D-02   3.935366985D-02   4.793789316D+01   1.997389392D+04   9.332719080D-01   3.953878744D-01  -4.176418590D-01   4.710046065D-01   6.000000000D+00   2.000000000D+00   3.182034476D-04
   3.054300000D+00   3.040000000D-01   1.004703947D+01   8.500000000D+01   1.200000000D+00   3.055600000D-01   9.289024000D-02   3.935366985D-02   4.793789316D+01   1.997389392D+04   9.332719080D-01   3.953878744D-01  -4.176418590D-01   4.710046065D-01   6.000000000D+00   3.000000000D+00   1.065496555D-02
   3.054300000D+00   3.040000000D-01   1.004703947D+01   8.500000000D+01   1.200000000D+00   3.055600000D-01   9.289024000D-02   3.935366985D-02   4.793789316D+01   1.997389392D+04   9.332719080D-01   3.953878744D-01  -4.176418590D-01   4.710046065D-01   6.000000000D+00   4.000000000D+00   1.109159923D-02
   3.054300000D+00   3.040000000D-01   1.004703947D+01   8.500000000D+01   1.200000000D+00   3.055600000D-01   9.289024000D-02   3.935366985D-02   4.793789316D+01   1.997389392D+04   9.332719080D-01   3.953878744D-01  -4.176418590D-01   4.710046065D-01   6.000000000D+00   5.000000000D+00   9.616813838D-04
   3.054300000D+00   3.040000000D-01   1.004703947D+01   8.500000000D+01   1.200000000D+00   3.055600000D-01   9.289024000D-02   3.935366985D-02   4.793789316D+01   1.997389392D+04   9.332719080D-01   3.953878744D-01  -4.176418590D-01   4.710046065D-01   6.000000000D+00   6.000000000D+00   2.963724933D-03
   3.054300000D+00   3.040000000D-01   1.004703947D+01   8.500000000D+01   1.200000000D+00   3.055600000D-01   9.289024000D-02   3.935366985D-02   4.793789316D+01   1.997389392D+04   9.332719080D-01   3.953878744D-01  -4.176418590D-01   4.710046065D-01   6.000000000D+00   7.000000000D+00   6.924267745D-03
   3.054300000D+00   3.040000000D-01   1.004703947D+01   8.500000000D+01   1.200000000D+00   3.055600000D-01   9.289024000D-02   3.935366985D-02   4.793789316D+01   1.997389392D+04   9.332719080D-01   3.953878744D-01  -4.176418590D-01   4.710046065D-01   6.000000000D+00   8.000000000D+00   1.550626604D-03
   3.054300000D+00   3.040000000D-01   1.004703947D+01   8.500000000D+01   1.200000000D+00   3.055600000D-01   9.289024000D-02   3.935366985D-02   4.793789316D+01   1.997389392D+04   9.332719080D-01   3.953878744D-01  -4.176418590D-01   4.710046065D-01   6.000000000D+00   9.000000000D+00   1.058551391D-03
   3.054300000D+00   3.040000000D-01   1.004703947D+01   8.500000000D+01   1.200000000D+00   3.055600000D-01   9.289024000D-02   3.935366985D-02   4.793789316D+01   1.997389392D+04   9.332719080D-01   3.953878744D-01  -4.176418590D-01   4.710046065D-01   6.000000000D+00   1.000000000D+01   4.795462367D-03
   3.054300000D+00   3.040000000D-01   1.004703947D+01   8.500000000D+01   1.200000000D+00   3.055600000D-01   9.289024000D-02   3.935366985D-02   4.793789316D+01   1.997389392D+04   9.332719080D-01   3.953878744D-01  -4.176418590D-01   4.710046065D-01   7.000000000D+00   0.000000000D+00   5.482208953D-06
   3.054300000D+00   3.040000000D-01   1.004703947D+01   8.500000000D+01   1.200000000D+00   3.055600000D-01   9.289024000D-02   3.935366985D-02   4.793789316D+01   1.997389392D+04   9.332719080D-01   3.953878744D-01  -4.176418590D-01   4.710046065D-01   7.000000000D+00   1.000000000D+00   2.318330497D-06
   3.054300000D+00   3.040000000D-01   1.004703947D+01   8.500000000D+01   1.200000000D+00   3.055600000D-01   9.289024000D-02   3.935366985D-02   4.793789316D+01   1.997389392D+04   9.332719080D-01   3.953878744D-01  -4.176418590D-01   4.710046065D-01   7.000000000D+00   2.000000000D+00   9.114918904D-08
   3.054300000D+00   3.040000000D-01   1.004703947D+01   8.500000000D+01   1.200000000D+00   3.055600000D-01   9.289024000D-02   3.935366985D-02   4.793789316D+01   1.997389392D+04   9.332719080D-01   3.953878744D-01  -4.176418590D-01   4.710046065D-01   7.000000000D+00   3.000000000D+00   3.052108570D-06
   3.054300000D+00   3.040000000D-01   1.004703947D+01   8.500000000D+01   1.200000000D+00   3.055600000D-01   9.289024000D-02   3.935366985D-02   4.793789316D+01   1.997389392D+04   9.332719080D-01   3.953878744D-01  -4.176418590D-01   4.710046065D-01   7.000000000D+00   4.000000000D+00   3.177182027D-06
   3.054300000D+00   3.040000000D-01   1.004703947D+01   8.500000000D+01   1.200000000D+00   3.055600000D-01   9.289024000D-02   3.935366985D-02   4.793789316D+01   1.997389392D+04   9.332719080D-01   3.953878744D-01  -4.176418590D-01   4.710046065D-01   7.000000000D+00   5.000000000D+00   2.754730626D-07
   3.054300000D+00   3.040000000D-01   1.004703947D+01   8.500000000D+01   1.200000000D+00   3.055600000D-01   9.289024000D-02   3.935366985D-02   4.793789316D+01   1.997389392D+04   9.332719080D-01   3.953878744D-01  -4.176418590D-01   4.710046065D-01   7.000000000D+00   6.000000000D+00   8.489572510D-07
   3.054300000D+00   3.040000000D-01   1.004703947D+01   8.500000000D+01   1.200000000D+00   3.055600000D-01   9.289024000D-02   3.935366985D-02   4.793789316D+01   1.997389392D+04   9.332719080D-01   3.953878744D-01  -4.176418590D-01   4.710046065D-01   7.000000000D+00   7.000000000D+00   1.983452393D-06
   3.054300000D+00   3.040000000D-01   1.004703947D+01   8.500000000D+01   1.200000000D+00   3.055600000D-01   9.289024000D-02   3.935366985D-02   4.793789316D+01   1.997389392D+04   9.332719080D-01   3.953878744D-01  -4.176418590D-01   4.710046065D-01   7.000000000D+00   8.000000000D+00   4.441760722D-07
   3.054300000D+00   3.040000000D-01   1.004703947D+01   8.500000000D+01   1.200000000D+00   3.055600000D-01   9.289024000D-02   3.935366985D-02   4.793789316D+01   1.997389392D+04   9.332719080D-01   3.953878744D-01  -4.176418590D-01   4.710046065D-01   7.000000000D+00   9.000000000D+00   3.032214187D-07
   3.054300000D+00   3.040000000D-01   1.004703947D+01   8.500000000D+01   1.200000000D+00   3.055600000D-01   9.289024000D-02   3.935366985D-02   4.793789316D+01   1.997389392D+04   9.332719080D-01   3.953878744D-01  -4.176418590D-01   4.710046065D-01   7.000000000D+00   1.000000000D+01   1.373657354D-06
   3.054300000D+00   3.040000000D-01   1.004703947D+01   8.500000000D+01   1.200000000D+00   3.055600000D-01   9.289024000D-02   3.935366985D-02   4.793789316D+01   1.997389392D+04   9.332719080D-01   3.953878744D-01  -4.176418590D-01   4.710046065D-01   8.000000000D+00   0.000000000D+00   1.376355383D-02
   3.054300000D+00   3.040000000D-01   1.004703947D+01   8.500000000D+01   1.200000000D+00   3.055600000D-01   9.289024000D-02   3.935366985D-02   4.793789316D+01   1.997389392D+04   9.332719080D-01   3.953878744D-01  -4.176418590D-01   4.710046065D-01   8.000000000D+00   1.000000000D+00   5.820366728D-03
   3.054300000D+00   3.040000000D-01   1.004703947D+01   8.500000000D+01   1.200000000D+00   3.055600000D-01   9.289024000D-02   3.935366985D-02   4.793789316D+01   1.997389392D+04   9.332719080D-01   3.953878744D-01  -4.176418590D-01   4.710046065D-01   8.000000000D+00   2.000000000D+00   2.288378244D-04
   3.054300000D+00   3.040000000D-01   1.004703947D+01   8.500000000D+01   1.200000000D+00   3.055600000D-01   9.289024000D-02   3.935366985D-02   4.793789316D+01   1.997389392D+04   9.332719080D-01   3.953878744D-01  -4.176418590D-01   4.710046065D-01   8.000000000D+00   3.000000000D+00   7.662579256D-03
   3.054300000D+00   3.040000000D-01   1.004703947D+01   8.500000000D+01   1.200000000D+00   3.055600000D-01   9.289024000D-02   3.935366985D-02   4.793789316D+01   1.997389392D+04   9.332719080D-01   3.953878744D-01  -4.176418590D-01   4.710046065D-01   8.000000000D+00   4.000000000D+00   7.976586853D-03
   3.054300000D+00   3.040000000D-01   1.004703947D+01   8.500000000D+01   1.200000000D+00   3.055600000D-01   9.289024000D-02   3.935366985D-02   4.793789316D+01   1.997389392D+04   9.332719080D-01   3.953878744D-01  -4.176418590D-01   4.710046065D-01   8.000000000D+00   5.000000000D+00   6.915986528D-04
   3.054300000D+00   3.040000000D-01   1.004703947D+01   8.500000000D+01   1.200000000D+00   3.055600000D-01   9.289024000D-02   3.935366985D-02   4.793789316D+01   1.997389392D+04   9.332719080D-01   3.953878744D-01  -4.176418590D-01   4.710046065D-01   8.000000000D+00   6.000000000D+00   2.131379691D-03
   3.054300000D+00   3.040000000D-01   1.004703947D+01   8.500000000D+01   1.200000000D+00   3.055600000D-01   9.289024000D-02   3.935366985D-02   4.793789316D+01   1.997389392D+04   9.332719080D-01   3.953878744D-01  -4.176418590D-01   4.710046065D-01   8.000000000D+00   7.000000000D+00   4.979626647D-03
   3.054300000D+00   3.040000000D-01   1.004703947D+01   8.500000000D+01   1.200000000D+00   3.055600000D-01   9.289024000D-02   3.935366985D-02   4.793789316D+01   1.997389392D+04   9.332719080D-01   3.953878744D-01  -4.176418590D-01   4.710046065D-01   8.000000000D+00   8.000000000D+00   1.115141968D-03
   3.054300000D+00   3.040000000D-01   1.004703947D+01   8.500000000D+01   1.200000000D+00   3.055600000D-01   9.289024000D-02   3.935366985D-02   4.793789316D+01   1.997389392D+04   9.332719080D-01   3.953878744D-01  -4.176418590D-01   4.710046065D-01   8.000000000D+00   9.000000000D+00   7.612632709D-04
   3.054300000D+00   3.040000000D-01   1.004703947D+01   8.500000000D+01   1.200000000D+00   3.055600000D-01   9.289024000D-02   3.935366985D-02   4.793789316D+01   1.997389392D+04   9.332719080D-01   3.953878744D-01  -4.176418590D-01   4.710046065D-01   8.000000000D+00   1.000000000D+01   3.448684115D-03
   3.054300000D+00   3.040000000D-01   1.004703947D+01   8.500000000D+01   1.200000000D+00   3.055600000D-01   9.289024000D-02   3.935366985D-02   4.793789316D+01   1.997389392D+04   9.332719080D-01   3.953878744D-01  -4.176418590D-01   4.710046065D-01   9.000000000D+00   0.000000000D+00   1.504446816D-02
   3.054300000D+00   3.040000000D-01   1.004703947D+01   8.500000000D+01   1.200000000D+00   3.055600000D-01   9.289024000D-02   3.935366985D-02   4.793789316D+01   1.997389392D+04   9.332719080D-01   3.953878744D-01  -4.176418590D-01   4.710046065D-01   9.000000000D+00   1.000000000D+00   6.362043048D-03
   3.054300000D+00   3.040000000D-01   1.004703947D+01   8.500000000D+01   1.200000000D+00   3.055600000D-01   9.289024000D-02   3.935366985D-02   4.793789316D+01   1.997389392D+04   9.332719080D-01   3.953878744D-01  -4.176418590D-01   4.710046065D-01   9.000000000D+00   2.000000000D+00   2.501347695D-04
   3.054300000D+00   3.040000000D-01   1.004703947D+01   8.500000000D+01   1.200000000D+00   3.055600000D-01   9.289024000D-02   3.935366985D-02   4.793789316D+01   1.997389392D+04   9.332719080D-01   3.953878744D-01  -4.176418590D-01   4.710046065D-01   9.000000000D+00   3.000000000D+00   8.375702316D-03
   3.054300000D+00   3.040000000D-01   1.004703947D+01   8.500000000D+01   1.200000000D+00   3.055600000D-01   9.289024000D-02   3.935366985D-02   4.793789316D+01   1.997389392D+04   9.332719080D-01   3.953878744D-01  -4.176418590D-01   4.710046065D-01   9.000000000D+00   4.000000000D+00   8.718933239D-03
   3.054300000D+00   3.040000000D-01   1.004703947D+01   8.500000000D+01   1.200000000D+00   3.055600000D-01   9.289024000D-02   3.935366985D-02   4.793789316D+01   1.997389392D+04   9.332719080D-01   3.953878744D-01  -4.176418590D-01   4.710046065D-01   9.000000000D+00   5.000000000D+00   7.559627436D-04
   3.054300000D+00   3.040000000D-01   1.004703947D+01   8.500000000D+01   1.200000000D+00   3.055600000D-01   9.289024000D-02   3.935366985D-02   4.793789316D+01   1.997389392D+04   9.332719080D-01   3.953878744D-01  -4.176418590D-01   4.710046065D-01   9.000000000D+00   6.000000000D+00   2.329737966D-03
   3.054300000D+00   3.040000000D-01   1.004703947D+01   8.500000000D+01   1.200000000D+00   3.055600000D-01   9.289024000D-02   3.935366985D-02   4.793789316D+01   1.997389392D+04   9.332719080D-01   3.953878744D-01  -4.176418590D-01   4.710046065D-01   9.000000000D+00   7.000000000D+00   5.443058928D-03
   3.054300000D+00   3.040000000D-01   1.004703947D+01   8.500000000D+01   1.200000000D+00   3.055600000D-01   9.289024000D-02   3.935366985D-02   4.793789316D+01   1.997389392D+04   9.332719080D-01   3.953878744D-01  -4.176418590D-01   4.710046065D-01   9.000000000D+00   8.000000000D+00   1.218923400D-03
   3.054300000D+00   3.040000000D-01   1.004703947D+01   8.500000000D+01   1.200000000D+00   3.055600000D-01   9.289024000D-02   3.935366985D-02   4.793789316D+01   1.997389392D+04   9.332719080D-01   3.953878744D-01  -4.176418590D-01   4.710046065D-01   9.000000000D+00   9.000000000D+00   8.321107460D-04
   3.054300000D+00   3.040000000D-01   1.004703947D+01   8.500000000D+01   1.200000000D+00   3.055600000D-01   9.289024000D-02   3.935366985D-02   4.793789316D+01   1.997389392D+04   9.332719080D-01   3.953878744D-01  -4.176418590D-01   4.710046065D-01   9.000000000D+00   1.000000000D+01   3.769638207D-03
   3.054300000D+00   3.040000000D-01   1.004703947D+01   8.500000000D+01   1.200000000D+00   3.055600000D-01   9.289024000D-02   3.935366985D-02   4.793789316D+01   1.997389392D+04   9.332719080D-01   3.953878744D-01  -4.176418590D-01   4.710046065D-01   1.000000000D+01   0.000000000D+00   4.724699150D-04
   3.054300000D+00   3.040000000D-01   1.004703947D+01   8.500000000D+01   1.200000000D+00   3.055600000D-01   9.289024000D-02   3.935366985D-02   4.793789316D+01   1.997389392D+04   9.332719080D-01   3.953878744D-01  -4.176418590D-01   4.710046065D-01   1.000000000D+01   1.000000000D+00   1.997992820D-04
   3.054300000D+00   3.040000000D-01   1.004703947D+01   8.500000000D+01   1.200000000D+00   3.055600000D-01   9.289024000D-02   3.935366985D-02   4.793789316D+01   1.997389392D+04   9.332719080D-01   3.953878744D-01  -4.176418590D-01   4.710046065D-01   1.000000000D+01   2.000000000D+00   7.855455705D-06
   3.054300000D+00   3.040000000D-01   1.004703947D+01   8.500000000D+01   1.200000000D+00   3.055600000D-01   9.289024000D-02   3.935366985D-02   4.793789316D+01   1.997389392D+04   9.332719080D-01   3.953878744D-01  -4.176418590D-01   4.710046065D-01   1.000000000D+01   3.000000000D+00   2.630380361D-04
   3.054300000D+00   3.040000000D-01   1.004703947D+01   8.500000000D+01   1.200000000D+00   3.055600000D-01   9.289024000D-02   3.935366985D-02   4.793789316D+01   1.997389392D+04   9.332719080D-01   3.953878744D-01  -4.176418590D-01   4.710046065D-01   1.000000000D+01   4.000000000D+00   2.738171666D-04
   3.054300000D+00   3.040000000D-01   1.004703947D+01   8.500000000D+01   1.200000000D+00   3.055600000D-01   9.289024000D-02   3.935366985D-02   4.793789316D+01   1.997389392D+04   9.332719080D-01   3.953878744D-01  -4.176418590D-01   4.710046065D-01   1.000000000D+01   5.000000000D+00   2.374092918D-05
   3.054300000D+00   3.040000000D-01   1.004703947D+01   8.500000000D+01   1.200000000D+00   3.055600000D-01   9.289024000D-02   3.935366985D-02   4.793789316D+01   1.997389392D+04   9.332719080D-01   3.953878744D-01  -4.176418590D-01   4.710046065D-01   1.000000000D+01   6.000000000D+00   7.316517186D-05
   3.054300000D+00   3.040000000D-01   1.004703947D+01   8.500000000D+01   1.200000000D+00   3.055600000D-01   9.289024000D-02   3.935366985D-02   4.793789316D+01   1.997389392D+04   9.332719080D-01   3.953878744D-01  -4.176418590D-01   4.710046065D-01   1.000000000D+01   7.000000000D+00   1.709386840D-04
   3.054300000D+00   3.040000000D-01   1.004703947D+01   8.500000000D+01   1.200000000D+00   3.055600000D-01   9.289024000D-02   3.935366985D-02   4.793789316D+01   1.997389392D+04   9.332719080D-01   3.953878744D-01  -4.176418590D-01   4.710046065D-01   1.000000000D+01   8.000000000D+00   3.828015912D-05
   3.054300000D+00   3.040000000D-01   1.004703947D+01   8.500000000D+01   1.200000000D+00   3.055600000D-01   9.289024000D-02   3.935366985D-02   4.793789316D+01   1.997389392D+04   9.332719080D-01   3.953878744D-01  -4.176418590D-01   4.710046065D-01   1.000000000D+01   9.000000000D+00   2.613234905D-05
   3.054300000D+00   3.040000000D-01   1.004703947D+01   8.500000000D+01   1.200000000D+00   3.055600000D-01   9.289024000D-02   3.935366985D-02   4.793789316D+01   1.997389392D+04   9.332719080D-01   3.953878744D-01  -4.176418590D-01   4.710046065D-01   1.000000000D+01   1.000000000D+01   1.183850851D-04
